1846.19099129888 -1.47091708691425E-028 3.45187882144524E-028 -2.60578833106298E-028 -1.83604626732407E-027 -7.87916640335253 -5.5289498877436E-033 7.93146933801522E-032 -4.13491464099732E-031 9.39149991796948E-030 -3.24290481600211 2.48892346201296E-036 8.12609545995081E-035 -3.6846937295991E-032 3.84466470939102E-030
-732.839219078815 3.55487153906266E-029 -7.63601009861338E-029 5.48837935692107E-029 7.40362080135493E-028 -7.81278368640863 -5.43375973095271E-033 7.7919350859266E-032 -4.06336763668914E-031 9.30514987248727E-030 -3.22592918697099 2.47523610247232E-036 8.08835216435365E-035 -3.66545055676446E-032 3.82449251595598E-030
-158.233251220632 7.95997155177215E-030 -1.70596319372998E-029 1.19903966522356E-029 1.60058455389812E-028 -7.60957071811159 -5.16259207165983E-033 7.39550661803579E-032 -3.86028538680946E-031 9.0440953776622E-030 -3.17600068840333 2.43487433899967E-036 7.97814588879378E-035 -3.60887584728805E-032 3.76516535578978E-030
-62.2010178564052 2.62435140938777E-030 -5.04082008723377E-030 2.82067340323066E-030 6.37856437777729E-029 -7.26545284249359 -4.75544519624388E-033 6.80325738976902E-032 -3.55744772903078E-031 8.61050519659304E-030 -3.09597281750491 2.36985008995612E-036 7.80404529548894E-035 -3.51826834211246E-032 3.67008252842271E-030
-30.2233999321264 5.85926362239842E-031 -1.89488160767679E-031 -1.18324373562383E-030 3.21669374817746E-029 -6.79152955171507 -4.26803791665199E-033 6.09908440951203E-032 -3.19837944460232E-031 8.02538820963173E-030 -2.99016506379273 2.2832396309407E-036 7.57880396983283E-035 -3.39861610549183E-032 3.54438918144717E-030
-16.1996466689653 -4.46191128001284E-031 2.40921731312664E-030 -3.50828164946601E-030 1.85999208564845E-029 -6.22008927765192 -3.75735826301091E-033 5.36732062334504E-032 -2.8266639263269E-031 7.33268036526909E-030 -2.86382015623689 2.17883108088038E-036 7.31751728936291E-035 -3.2559637680177E-032 3.39432920168716E-030
0.196512185897375 -1.57891182679456E-030 5.50239152608359E-030 -6.89846906657196E-030 3.68680071816358E-030 -3.30386609569093 -1.88481327330318E-033 2.76051319049375E-032 -1.52900072818452E-031 3.92869501021217E-030 -2.10686780972162 1.52723133082361E-036 5.95924741835034E-035 -2.40755837912678E-032 2.49617760963698E-030
-5.58351503068374E-028 -7.83317790974649E-030 6.64273948623586E-029 -2.79125637518713E-028 5.59930931223925E-028 3.24148153767499E-030 5.34739106641045E-033 -1.08377880915639E-031 7.76380977453152E-031 -1.90757246841534E-030 7.22230622013282E-031 -6.77837399625091E-036 5.57984641710766E-034 -1.68664810386663E-032 2.15107319337464E-031
-1.28313278932333E-028 -1.62233581850153E-030 1.47864168906649E-029 -6.39327146350251E-029 1.29194331520955E-028 1.71300447648669E-030 2.26877085231863E-033 -4.66208150935229E-032 3.32310945087547E-031 -7.3195136752733E-031 6.47088805868363E-031 -6.45291697637338E-036 5.32274536126916E-034 -1.61550058421907E-032 2.0781390199907E-031
1.53269095717167E-029 3.23401248207716E-031 -2.10870473547007E-030 7.72089213300716E-030 -1.47651390657546E-029 5.83742113137936E-031 1.56550574002579E-034 -3.84383613417789E-033 2.1896027194275E-032 9.44787653800053E-032 5.59641979483512E-031 -6.04412889601666E-036 5.00039807015854E-034 -1.52642615408635E-032 1.98684328914794E-031
2.72183113225344E-029 4.25956494565053E-031 -3.3573911299803E-030 1.36118117810064E-029 -2.68330127367028E-029 -7.52466012967615E-032 -8.98526529731396E-034 1.79347972265633E-032 -1.38863973165406E-031 5.25615293811044E-031 4.65356186816327E-031 -5.56082352385481E-036 4.6199134900678E-034 -1.42140003784218E-032 1.8791302699731E-031
1.60200653537976E-029 2.40148827472229E-031 -1.94935915911484E-030 8.00679346402011E-030 -1.57438192283371E-029 -3.50320438529452E-031 -1.15398681525428E-033 2.3626287311769E-032 -1.83394567813608E-031 6.45640296531974E-031 3.69622856462415E-031 -5.01481363965381E-036 4.19057385665202E-034 -1.30293224925139E-032 1.75740588718964E-031
8.09042123316704E-030 1.20102658467467E-031 -9.79981076291236E-031 4.04547810281995E-030 -7.88650072398941E-030 -3.85080874661558E-031 -9.68219869507256E-034 2.02487665296974E-032 -1.608998430442E-031 5.82200888857608E-031 2.77302390304542E-031 -4.42078534892286E-036 3.72370032883369E-034 -1.1740215872948E-032 1.62448554561219E-031
4.5852295408726E-030 6.90922474396448E-032 -5.55697038968163E-031 2.2956363439314E-030 -4.43166097123845E-030 -3.07835889137017E-031 -6.33804440866522E-034 1.36281908651935E-032 -1.12972540089524E-031 4.45146119905698E-031 1.92383802104131E-031 -3.79577301942533E-036 3.2322501213264E-034 -1.03805048878766E-032 1.48349901163453E-031
3.19728417618104E-030 4.92666527001364E-032 -3.88487670953068E-031 1.60278277585102E-030 -3.079998921745E-030 -2.02890694484647E-031 -3.2263146117614E-034 7.26530646131076E-033 -6.52146724201845E-032 3.03730479442958E-031 1.17784829413795E-031 -3.15828160928533E-036 2.73017845098911E-034 -8.98628673345234E-033 1.33775875648807E-031
2.53011987906632E-030 3.95262117376082E-032 -3.07946835705584E-031 1.2693714437892E-030 -2.43962640417786E-030 -1.12267426762819E-031 -1.0278079324377E-034 2.6175493696598E-033 -2.88439013389973E-032 1.89839747338081E-031 5.52923693450792E-032 -2.52717460587634E-036 2.23164608096733E-034 -7.59403773813567E-033 1.19060536675066E-031
2.07038717524131E-030 3.25230352246937E-032 -2.52120093934717E-031 1.03924843300732E-030 -2.00001853287091E-030 -4.93437064898197E-032 2.10083280591953E-035 -1.33531637380991E-034 -5.87381074650167E-033 1.10882004435349E-031 5.62332698801528E-033 -1.92048512669698E-036 1.75017932493406E-034 -6.2386276028268E-033 1.04524754377744E-031
1.68822120169727E-030 2.65625263700334E-032 -2.05556138882556E-031 8.47736288322822E-031 -1.63315287403798E-030 -1.25993819141651E-032 7.1561107776111E-035 -1.38596202419229E-033 6.04921242138333E-033 6.21695570925397E-032 -3.14262548487498E-032 -1.35431026330698E-036 1.29789091688224E-034 -4.95148250537756E-033 9.04614356369916E-032
1.36435005072287E-030 2.14718524181797E-032 -1.66058991355756E-031 6.85316342320565E-031 -1.32101623246023E-030 4.91971708840853E-033 7.69810989436883E-035 -1.67335208957235E-033 1.04858425912359E-032 3.51937118799065E-032 -5.67801080967695E-032 -8.4191989525543E-037 8.84850722823467E-035 -3.75909515238907E-033 7.71234307419391E-032
1.09661107546653E-030 1.7256750266298E-032 -1.33411917770612E-031 5.50966029991294E-031 -1.06233732263025E-030 1.05446205829466E-032 6.03556935913718E-035 -1.45198034104391E-033 1.06305190196882E-032 2.18847539101034E-032 -7.18625096157981E-032 -3.93162966138571E-037 5.18662825412555E-035 -2.68200847560999E-033 6.4715062731811E-032
8.80049963226218E-031 1.38482244292353E-032 -1.0701905906866E-031 4.42239633538794E-031 -8.52809730741587E-031 9.97545002494212E-033 3.70011938306527E-035 -1.03656069095344E-033 8.78390429350227E-033 1.61679527115344E-032 -7.83878606710695E-032 -1.42005243360442E-038 2.0426931670704E-035 -1.73431981712303E-033 5.33876429404385E-032
7.06951931416546E-031 1.11253487249541E-032 -8.59366680272304E-032 3.55295326167713E-031 -6.85198234133588E-031 6.93089280138794E-033 1.53312984199463E-035 -6.09859316684474E-034 6.36191066017864E-033 1.40926334219409E-032 -7.81773283783611E-032 2.92452541711972E-037 -5.60309437096178E-036 -9.23681270844062E-034 4.3238817296859E-032
5.69237120223939E-031 8.95994390150555E-033 -6.91745501304954E-032 2.8609845693076E-031 -5.51782365778041E-031 3.49423677112517E-033 -1.11713361369564E-036 -2.57960671284663E-034 4.10564550854935E-033 1.33937666415961E-032 -7.30123344279175E-032 5.27628965843593E-037 -2.62383432682965E-035 -2.51720083588619E-034 3.43152050214531E-032
4.59747388177738E-031 7.23856685800388E-033 -5.58557213637817E-032 2.31068794047272E-031 -4.45675637796303E-031 6.28835447454992E-034 -1.17182649237574E-035 -6.68963406368057E-036 2.31680810460424E-033 1.29462860881719E-032 -6.45277406071115E-032 6.95023681533912E-037 -4.17046282934436E-035 2.85225741326036E-034 2.6617571705887E-032
3.72587539381321E-031 5.86808834388963E-033 -4.52585560871079E-032 1.87253996458986E-031 -3.61189451395164E-031 -1.36762370636227E-033 -1.72854573345141E-035 1.50111029698196E-034 1.04801581633487E-033 1.23055723381407E-032 -5.41426991728543E-032 8.00595360419857E-037 -5.23976209643682E-035 6.95169397591865E-034 2.01077089224653E-032
3.0305052252833E-031 4.77437833544167E-033 -3.68075124830179E-032 1.52294198965181E-031 -2.93774612900273E-031 -2.53735083340187E-033 -1.91341472899856E-035 2.31919906448791E-034 2.32982011866078E-034 1.13836438957205E-032 -4.30242405705125E-032 8.51922495891569E-037 -5.88378548272075E-035 9.89440031888348E-034 1.47162352290213E-032
2.47423880713051E-031 3.89910641945562E-033 -3.00492073236907E-032 1.2432648782722E-031 -2.39839750914459E-031 -3.05892484821825E-033 -1.85689202845277E-035 2.60804897900457E-034 -2.35141741194794E-034 1.02477527433185E-032 -3.20773610270185E-032 8.57569572065504E-037 -6.16260019841705E-035 1.18163892245903E-033 1.03506446613674E-032
2.02792173305907E-031 3.19653051700732E-033 -2.46280123751269E-032 1.01886816587918E-031 -1.96562629203328E-031 -3.13558267576963E-033 -1.66559594479455E-035 2.56195322387958E-034 -4.62561899658692E-034 9.00903063077898E-033 -2.19551486800644E-032 8.26504760925704E-037 -6.14013447139963E-035 1.28665540726325E-033 6.90306991650522E-033
1.6686801955163E-031 2.63078494509096E-033 -2.02652103738451E-032 8.38258675380036E-032 -1.61727851622031E-031 -2.94348241866142E-033 -1.41635985584884E-035 2.33019263612308E-034 -5.37125171594083E-034 7.76944522873973E-033 -1.30829046923651E-032 7.67596952430598E-037 -5.88054450542095E-035 1.31979069762233E-033 4.25737116186583E-033
1.37855830414073E-031 2.17371518978498E-033 -1.6742212057951E-032 6.9241033159682E-032 -1.33595612565436E-031 -2.61480729005376E-033 -1.15879325222834E-035 2.01646751235999E-034 -5.23832003504683E-034 6.60260160773828E-033 -5.69095390161442E-033 6.89208049507115E-037 -5.44522059587351E-035 1.29601968141978E-033 2.29529237756783E-033
1.14344296286735E-031 1.80318277177175E-033 -1.38873415636227E-032 5.74226494446631E-032 -1.10797980244903E-031 -2.23858417957172E-033 -9.21157285737081E-036 1.6863471001287E-034 -4.66799422820718E-034 5.55190177418823E-033 1.48297787375731E-034 5.98886767112515E-037 -4.89048494965949E-035 1.22940570901005E-033 9.01539118725264E-034
9.52223045662421E-032 1.50174658121087E-033 -1.15655234945173E-032 4.78118811211267E-032 -9.22576932519092E-032 -1.86877808941627E-033 -7.16686789792694E-036 1.37695961984949E-034 -3.93638611746871E-034 4.63605859926196E-033 4.48261689761861E-033 5.03162579752707E-037 -4.26598076074488E-035 1.13267117650285E-033 -3.22762253628346E-035
